graph ej1prac4
{
aux -> 111(), 000(), 222();
000 -> 001(101), 002(102);
001 -> 021(202), 000(110), 002(112);
002 -> 000(120), 012(201), 001(121);
110 -> 120(212), 111(101), 112(102);
112 -> 110(120), 111(121), 102(210);
012 -> 010(120), 002(210), 011(121);
021 -> 020(110), 001(220), 022(112);
111 -> 110(110), 112(112);
222 -> 220(120), 221(121);
221 -> 222(112), 220(110), 201(220);
220 -> 210(221), 221(101), 222(102);
102 -> 101(121), 100(120), 112(201);
120 -> 122(102), 121(101), 110(221);
201 -> 221(202), 202(112), 200(110);
211 -> 212(112), 210(110), 011(320);
210 -> 220(212), 212(102), 211(101);
011 -> 012(112), 010(110), 211(302);
022 -> 020(120), 122(301), 021(121);
100 -> 200(312), 102(102), 101(101);
122 -> 121(121), 120(120), 022(310);
200 -> 100(321), 201(101), 202(102);
010 -> 011(101), 012(102), 020(212);
020 -> 010(221), 022(102), 021(101);
101 -> 100(110), 102(112), 121(202);
121 -> 101(220), 120(110), 122(112);
202 -> 201(121), 200(120), 212(201);
212 -> 202(210), 211(121), 210(120);
}
